p cnf 77 369
c ind 1 2 3 4 5 6 7 8 9 10 11 12 13 14 15 16 17 18 19 20 21 22 23 24 25 26 27 28 29 30 31 32 33 34 35 36 37 38 39 40 41 42 43 44 45 46 47 48 49 50 51 52 53 54 55 56 57 58 59 60 61 62 63 64 65 66 67 68 69 70 71 72 73 74 75 76 77 0
7 2 0
10 2 0
11 9 0
12 9 0
-12 3 0
-14 5 0
15 9 0
-15 2 0
16 -3 0
16 6 0
-17 8 0
-17 11 0
-17 -13 0
18 -13 0
19 -2 0
19 11 0
19 -14 0
-22 19 0
27 -5 0
-29 18 0
-29 19 0
-31 5 0
-32 18 0
-34 -28 0
35 -22 0
-41 27 0
-43 -33 0
-48 46 0
-51 -8 0
-55 -4 0
60 -47 0
72 -17 0
-28 32 35 0
-2 -6 -31 0
-14 -28 -58 68 0
-56 57 -62 -68 75 -77 0
-2 -11 -54 60 0
-36 -37 -39 40 0
4 8 -13 0
19 49 -57 0
1 7 -21 0
8 15 -24 0
36 38 -56 -61 0
-2 48 -59 0
28 70 75 -76 0
-25 63 -72 -74 0
6 23 -28 0
-39 -48 -50 0
-12 36 -52 0
-6 -16 17 -21 -31 0
-12 14 33 0
-10 -40 41 58 -61 0
34 41 56 59 60 0
10 11 -39 -44 0
70 -72 -74 0
14 33 73 0
3 4 -16 0
1 -16 -21 23 -26 0
39 51 -52 54 -59 61 0
1 -4 7 0
6 -38 41 -46 0
10 -46 49 -68 72 -77 0
-41 47 49 0
22 -27 44 56 0
-21 -29 30 0
53 62 -73 0
-5 -6 -24 0
-4 6 -14 0
-52 -54 59 -62 -71 0
-53 -55 57 60 0
-38 -46 52 53 -59 0
-54 59 -60 62 -65 0
-6 7 35 -55 -69 -71 73 74 0
-36 63 -67 -68 -72 0
5 24 33 0
-59 -61 -73 0
-17 21 -27 33 0
-3 7 -13 0
-17 24 -59 0
21 -24 -44 -50 0
61 63 -74 0
-30 46 49 0
-1 -37 52 55 0
20 22 64 -73 74 77 0
21 -44 -63 71 -73 74 0
-1 -37 53 0
-10 -20 -21 -30 33 -35 0
32 34 -39 -41 -44 0
-12 -20 -41 48 54 0
-54 56 -57 -76 0
-24 -56 -63 75 0
20 25 -26 41 0
3 30 -33 0
23 29 38 0
9 -14 -21 24 0
4 5 17 0
-66 73 -77 0
-63 66 71 0
36 -38 -56 -62 67 -68 75 -77 0
-1 -17 18 0
10 46 51 52 55 -57 58 61 0
-1 7 16 0
-1 -4 -5 8 0
18 -51 63 66 0
11 -14 41 -44 0
-33 -40 49 0
-6 -12 -27 0
28 -38 -54 56 -59 70 0
-59 -63 66 76 0
-28 -29 -35 0
-6 18 -48 0
1 -48 50 0
-4 -24 42 58 0
48 -55 57 0
13 -36 -40 0
-5 -33 -47 51 -57 58 0
57 -58 63 -74 0
-13 -14 -29 -36 37 0
-1 10 -30 -42 0
-2 -41 47 0
13 30 -33 -35 0
-51 58 -66 -68 69 -76 0
12 -16 20 -25 26 33 0
-9 20 -52 0
-2 -21 53 54 55 60 0
15 22 -38 -42 47 0
-4 -6 11 0
-57 -67 71 -73 0
13 -22 46 50 61 62 0
-55 -65 69 0
31 42 -43 50 0
-23 -31 -38 0
-8 -20 -22 30 0
10 58 59 60 63 64 0
-7 -22 -23 -27 33 34 0
-5 -6 23 -38 39 -47 49 0
-20 -33 34 0
-18 20 22 0
-25 36 -37 -40 0
22 60 -70 -74 0
-18 -72 73 -75 76 0
-39 42 -60 0
-9 -40 -49 58 -60 -70 76 0
-59 -60 61 -63 0
-5 -21 22 -25 -35 0
24 34 55 -57 0
3 15 -18 0
-7 -17 18 0
-8 23 27 0
10 -45 -52 54 -58 0
-26 36 43 -44 -46 0
6 24 -31 35 0
-31 -32 34 0
8 57 -59 -74 0
70 74 -77 0
6 -8 -35 0
-9 -11 -32 35 0
5 -29 -32 0
-60 63 68 -71 0
15 28 31 0
-17 30 -36 -42 0
-15 -25 -35 -36 -38 -47 -48 0
-37 -53 -54 0
6 9 31 0
-14 57 -61 0
6 -8 32 34 0
-60 61 71 75 0
-12 32 -35 0
22 41 -44 -53 0
-1 -35 54 75 0
-60 63 -68 77 0
2 -50 58 67 -71 72 0
-10 -15 18 0
48 53 -69 0
-44 64 -67 -69 -73 -76 0
-43 52 59 0
27 48 66 -74 0
-52 55 56 -62 65 0
15 23 33 0
-36 54 67 0
7 -10 34 0
53 55 65 0
23 -34 -60 0
10 15 31 36 49 0
56 -63 65 -72 76 0
-48 -51 70 0
-7 -14 38 49 -57 0
-10 21 -29 -39 47 48 0
-19 30 35 0
-64 -72 77 0
6 -26 28 0
44 46 50 0
-42 -51 -59 -61 0
23 -40 56 59 0
30 33 -44 67 0
10 34 -39 -41 -45 57 0
-6 13 -15 0
-7 10 16 0
-21 -37 -46 0
-1 -5 8 -18 0
-13 16 22 -45 0
15 -37 46 0
-18 -50 -54 -56 60 65 66 67 74 76 0
-11 -31 -37 0
-37 42 44 0
11 -12 18 0
28 32 -37 -44 -48 0
-1 11 -16 0
1 -4 10 -14 0
5 -28 -30 0
-48 51 53 -74 0
4 6 15 0
-20 -33 35 0
-6 -53 -56 0
37 -40 43 0
5 -26 41 0
-37 38 -54 0
-1 4 25 26 32 -35 0
37 -42 -49 0
-13 -59 -73 0
15 23 25 0
41 56 60 -67 -76 0
-10 14 16 0
-7 -37 50 0
-50 51 52 58 0
-18 -41 50 0
-33 -40 42 0
11 -13 -15 0
44 50 53 0
-25 -38 -66 -70 -77 0
-14 28 35 46 54 -58 69 0
-12 13 14 0
5 -25 35 -45 0
-42 -47 -48 50 0
-1 10 -14 -20 -28 0
51 -67 -74 0
-8 20 24 29 30 -33 0
7 13 -49 0
-57 -68 69 70 73 0
-14 21 -40 0
-51 -52 -54 -58 59 0
24 -31 -38 0
20 23 -42 43 -46 47 0
7 -8 40 53 -54 0
2 -11 16 0
-28 -53 -56 0
13 21 25 -33 0
-25 30 -34 0
23 -33 36 38 -39 42 44 -49 -50 0
28 -44 59 -60 0
18 34 -52 -56 0
-62 64 65 -67 -72 -75 -76 0
8 43 -53 0
-6 -16 52 57 0
19 30 -45 -63 -69 0
-11 17 -20 -32 0
8 -13 -25 0
46 60 67 69 -76 0
28 44 -48 -50 57 0
42 -45 50 0
6 38 -50 0
1 -6 18 26 31 0
-25 -38 52 64 73 -75 0
-20 39 -40 48 0
-6 -41 43 0
6 -33 39 0
8 -47 -52 -55 0
-36 -47 -49 -55 0
-44 -45 -47 -48 -53 -54 -58 61 0
-10 -11 -13 35 0
-48 -51 -52 54 0
51 56 -58 -61 0
22 -55 57 0
38 52 56 0
21 -42 45 0
-64 -71 73 0
-11 15 23 31 0
38 43 -52 53 0
1 7 13 -26 0
-25 -48 55 0
-17 38 -41 0
1 20 -28 -48 0
-13 -16 21 37 40 -41 -43 0
-12 39 59 0
-16 -32 -44 -45 50 0
15 27 49 62 66 0
1 -10 29 31 0
-23 25 34 0
36 66 -67 73 0
-52 -58 -60 -73 0
8 -9 -15 0
1 -4 10 13 0
53 57 59 60 72 0
-41 -54 55 58 -65 0
-22 46 51 54 -58 -60 63 68 0
12 20 22 26 0
-14 -25 -30 43 0
-48 -69 -73 0
-38 69 -70 0
32 38 -43 -45 -54 55 0
-1 -7 9 -17 0
-25 -42 49 0
5 50 69 76 0
41 60 -75 0
5 -27 -48 0
-23 48 56 59 -64 65 76 0
21 27 36 -45 0
5 -6 -45 74 0
-7 -15 -28 0
-41 -50 -55 -59 0
39 -45 51 -52 60 0
-25 -46 -76 77 0
2 17 -46 0
37 -44 48 -53 57 -62 75 0
7 36 50 -56 58 75 0
-46 63 69 -74 0
1 -8 -29 -36 -57 -59 0
16 -34 -36 0
-12 23 39 41 0
-8 10 -47 -48 -50 0
63 65 -74 0
-4 -39 -47 0
35 -56 -58 0
-52 62 66 0
54 -57 59 64 65 -70 -72 0
-31 44 -53 0
-1 6 -9 18 0
23 59 71 0
26 52 -54 -56 72 -74 0
1 -11 34 0
2 8 -19 0
-33 55 60 70 77 0
5 20 23 -24 0
-25 -65 67 -76 -77 0
-13 -16 36 37 -39 43 -54 -57 58 61 0
43 64 -68 0
-4 -10 14 0
42 -63 66 73 0
13 30 39 -40 0
-52 53 -60 0
-1 -36 -54 -56 68 -76 0
7 8 35 0
-1 -44 46 -52 -54 -57 -60 0
20 -32 -53 54 61 0
7 -16 -33 0
1 -17 25 0
-59 64 74 0
22 27 43 -44 0
18 51 -58 0
35 -39 44 -48 49 0
-7 -18 29 32 0
3 7 -16 0
-56 -62 70 75 0
-14 36 46 -54 -59 -61 0
14 -51 53 65 -67 -70 71 0
-44 53 65 0
39 57 61 0
7 -10 14 0
-5 29 -46 54 58 60 0
2 11 14 -18 0
5 13 -18 0
-44 45 51 0
61 62 68 0
40 -55 -75 0
-8 -12 -13 0
-5 -6 -21 34 0
14 -17 -29 0
3 -16 35 0
-2 15 16 0
c red 19 3 0
c red 19 -4 0
c red 19 6 0
c red 19 -12 0
c red 27 -26 0
c red -1 3 7 0
c red 50 53 65 0
c red -17 18 25 0
c red 17 18 -29 0
c red -1 7 11 0
c red -25 37 -42 0
c red -3 7 -49 0
c red 6 16 28 0
c red -12 -28 32 0
c red 7 11 -33 0
c red -4 11 -14 0
c red 1 -39 -48 0
c red 15 -21 -37 0
c red -1 7 11 0
c red 3 34 35 0
c red -14 39 57 0
c red 3 7 11 0
c red 7 16 -21 0
c red -1 7 11 0
c red 7 -13 -16 0
c red -25 37 -42 0
c red -1 7 11 0
c red 3 6 -14 0
c red 2 7 16 0
c red 7 -13 -16 0
c red -6 11 -15 0
c red 8 -9 -24 0
c red 7 11 -33 0
c red -6 -15 -31 0
c red 15 25 34 0
c red -1 7 -33 0
c red 6 -14 15 0
c red -13 -16 18 0
c red -1 7 11 0
c red 3 34 35 0
c red -4 6 -10 0
c red 1 -39 -48 0
c red 2 7 16 0
c red 3 34 35 0
c red -28 -29 32 0
c red 2 7 16 0
c red -28 -29 32 0
c red -1 3 7 0
c red 2 -6 -12 0
c red -1 11 -33 0
c red -1 -37 -54 0
c red 5 13 -29 0
c red -1 7 -33 0
c red -31 44 50 0
c red 70 -72 -77 0
c red -1 7 -33 0
c red 7 -13 -16 0
c red 8 11 -15 0
c red -4 7 16 0
c red 3 34 35 0
c red 6 23 -26 0
c red -8 -12 14 0
c red 7 -13 -16 0
c red 3 7 11 0
c red 7 11 -33 0
c red -1 3 7 0
c red -12 -13 -25 0
c red 15 25 34 0
c red 3 7 11 0
c red 7 11 -33 0
c red -7 14 16 0
c red -14 39 57 0
c red -1 7 -33 0
c red -11 15 16 0
c red -1 3 7 0
c red 2 -12 13 0
c red 6 23 -26 0
c red 4 -12 -13 0
c red 3 7 11 0
c red -3 7 -49 0
c red -4 6 -10 0
c red -3 7 -49 0
c red 53 -69 -73 0
c red -1 10 16 0
c red 7 16 -21 0
c red 70 -72 -77 0
c red -12 -28 32 0
c red -1 -37 -54 0
c red -31 44 50 0
c red -3 7 -49 0
c red -1 8 11 0
c red 50 53 65 0
c red -3 7 -49 0
c red 6 -14 15 0
c red 53 -69 -73 0
c red -1 10 16 0
c red -1 3 7 0
c red -1 7 -33 0
c red -1 7 11 0
c red -3 7 -49 0
c red -11 15 16 0
c red 7 -13 -16 0
c red 4 -12 -13 0
c red 8 -9 -24 0
c red -4 7 16 0
c MUST MULTIPLY BY 2**0
